../../../test.csv